1 0.112699 0.476852 0.12633 0.155634
0 0.393617 0.458136 0.118573 0.147754
1 0.72357 0.467494 0.125776 0.150709
1 0.477006 0.693558 0.190049 0.236407
1 0.212434 0.903709 0.25266 0.189805
0 0.654311 0.844366 0.226618 0.289598
1 0.562888 0.504925 0.139074 0.17238
1 0.26424 0.467002 0.136857 0.163515
0 0.024213 0.517164 0.048426 0.167307
0 0.740193 0.68617 0.194481 0.233452
1 0.78535 0.563042 0.16844 0.18026
0 0.97595 0.494582 0.046537 0.277778
0 0.477837 0.313337 0.089761 0.096533
0 0.550144 0.302502 0.054854 0.167455
0 0.444038 0.395095 0.111924 0.116233
0 0.230164 0.347813 0.12633 0.181245
1 0.285295 0.30792 0.098072 0.16253
0 0.666777 0.422183 0.120789 0.142829
0 0.032524 0.429578 0.065049 0.128038
0 0.063387 0.372931 0.115248 0.075847
0 0.051474 0.316292 0.098072 0.039401