0 0.709719 0.31383 0.101396 0.16844
0 0.693096 0.030093 0.074801 0.060185
0 0.6834 0.069543 0.077571 0.077817
0 0.467863 0.093184 0.066489 0.127069
0 0.333223 0.111407 0.076463 0.124113
0 0.279754 0.164106 0.083666 0.134949
2 0.123227 0.286249 0.099734 0.156619
2 0.253712 0.563042 0.115802 0.18223
2 0.437666 0.449271 0.103613 0.177305
2 0.677305 0.563042 0.107491 0.19208
2 0.29887 0.327128 0.087544 0.147754
0 0.311613 0.023739 0.07203 0.047281
2 0.405807 0.653172 0.117465 0.191095
0 0.410516 0.755615 0.100288 0.110323
0 0.764018 0.836879 0.119127 0.217691
0 0.576463 0.236998 0.089761 0.142829
0 0.567875 0.316785 0.088098 0.101458