1 0.712489 0.318755 0.101396 0.16844
1 0.693096 0.030093 0.074801 0.060185
1 0.6834 0.069543 0.077571 0.077817
1 0.467863 0.093184 0.066489 0.127069
1 0.332668 0.114362 0.076463 0.124113
1 0.279754 0.164106 0.083666 0.134949
0 0.123781 0.289204 0.099734 0.156619
0 0.256483 0.570922 0.115802 0.18223
0 0.437666 0.456166 0.103613 0.177305
0 0.676751 0.570922 0.107491 0.19208
0 0.29887 0.327128 0.087544 0.147754
1 0.311613 0.023739 0.07203 0.047281
0 0.405807 0.653172 0.117465 0.191095
1 0.410516 0.755615 0.100288 0.110323
1 0.770667 0.845745 0.119127 0.217691
1 0.576463 0.236998 0.089761 0.142829
1 0.568983 0.318755 0.088098 0.101458