0 0.71609 0.32565 0.099734 0.16844
0 0.699745 0.031078 0.074801 0.060185
0 0.692819 0.077423 0.077571 0.091608
0 0.467863 0.093184 0.066489 0.127069
0 0.332668 0.114362 0.076463 0.124113
0 0.279754 0.168046 0.083666 0.134949
1 0.123227 0.295114 0.099734 0.156619
1 0.255375 0.570922 0.113586 0.18223
1 0.440437 0.461584 0.103613 0.18223
1 0.684508 0.577817 0.107491 0.19208
1 0.301086 0.338948 0.087544 0.147754
0 0.311613 0.023739 0.07203 0.047281
1 0.408023 0.667947 0.117465 0.191095
0 0.413841 0.7763 0.100288 0.110323
0 0.7751 0.855595 0.119127 0.217691
0 0.578679 0.242908 0.089761 0.142829
0 0.571199 0.331068 0.088098 0.108353