1 0.722185 0.32565 0.100842 0.16844
1 0.699745 0.031078 0.074801 0.060185
1 0.692819 0.077423 0.077571 0.091608
1 0.470634 0.099094 0.066489 0.127069
1 0.335993 0.120272 0.076463 0.124113
1 0.279754 0.168046 0.083666 0.134949
0 0.121011 0.301024 0.099734 0.156619
0 0.253712 0.582742 0.113586 0.18223
0 0.440437 0.461584 0.103613 0.18223
0 0.687278 0.585697 0.107491 0.19208
0 0.301086 0.338948 0.087544 0.147754
1 0.311613 0.023739 0.07203 0.047281
0 0.411348 0.676812 0.117465 0.191095
1 0.415503 0.789106 0.100288 0.110323
1 0.778424 0.869385 0.119127 0.217691
1 0.582004 0.249803 0.089761 0.142829
1 0.573969 0.335008 0.088098 0.108353