1 0.724402 0.3355 0.100842 0.16844
1 0.699745 0.031078 0.074801 0.060185
1 0.692819 0.077423 0.077571 0.091608
1 0.470634 0.099094 0.066489 0.127069
1 0.335993 0.120272 0.076463 0.124113
1 0.280308 0.173956 0.083666 0.134949
0 0.121011 0.301024 0.099734 0.156619
0 0.254266 0.584712 0.113586 0.18223
0 0.443207 0.474389 0.103613 0.18223
0 0.689495 0.597518 0.107491 0.19208
0 0.301086 0.338948 0.087544 0.147754
1 0.311613 0.023739 0.07203 0.047281
0 0.411348 0.679768 0.117465 0.191095
1 0.414949 0.792061 0.102504 0.128054
1 0.785073 0.886131 0.119127 0.217691
1 0.582004 0.249803 0.089761 0.142829
1 0.573969 0.335008 0.088098 0.108353