1 0.724956 0.3355 0.099734 0.16844
1 0.708056 0.033048 0.074801 0.066095
1 0.69836 0.080378 0.077571 0.091608
1 0.473958 0.102049 0.066489 0.127069
1 0.335993 0.120272 0.076463 0.124113
1 0.280308 0.173956 0.083666 0.134949
0 0.11824 0.30398 0.099734 0.156619
0 0.253158 0.602443 0.113586 0.18223
0 0.447086 0.48424 0.103613 0.18223
0 0.693096 0.606383 0.112478 0.19208
0 0.301086 0.355693 0.087544 0.147754
1 0.311613 0.028664 0.07203 0.057132
0 0.411348 0.695528 0.117465 0.210796
1 0.416057 0.806836 0.102504 0.128054
1 0.786735 0.891938 0.1291 0.213347
1 0.585051 0.262608 0.096964 0.142829
1 0.578125 0.343873 0.090869 0.108353