1 0.731605 0.346336 0.099734 0.16844
1 0.709164 0.033048 0.074801 0.066095
1 0.702793 0.081363 0.077571 0.091608
1 0.473958 0.108944 0.066489 0.127069
1 0.337655 0.131107 0.076463 0.124113
1 0.280862 0.185776 0.083666 0.134949
0 0.119348 0.316785 0.099734 0.156619
0 0.254266 0.608353 0.113586 0.18223
0 0.447086 0.48424 0.103613 0.18223
0 0.696421 0.619188 0.112478 0.19208
0 0.301086 0.355693 0.087544 0.147754
1 0.311613 0.028664 0.07203 0.057132
0 0.410793 0.703408 0.117465 0.210796
1 0.417719 0.813731 0.102504 0.128054
1 0.790614 0.899035 0.1291 0.199153
1 0.58893 0.266548 0.096964 0.142829
1 0.581449 0.347813 0.090869 0.108353