1 0.731605 0.361111 0.099734 0.18026
1 0.712489 0.04339 0.082558 0.086781
1 0.703347 0.098109 0.077571 0.091608
1 0.477006 0.111407 0.071476 0.131994
1 0.338763 0.139972 0.078679 0.124113
1 0.281416 0.195626 0.083666 0.134949
0 0.119902 0.32565 0.099734 0.156619
0 0.254266 0.618696 0.113586 0.202916
0 0.451518 0.506895 0.103613 0.18223
0 0.699191 0.626576 0.112478 0.198976
0 0.302748 0.369484 0.087544 0.147754
1 0.314107 0.037037 0.077017 0.065997
0 0.412456 0.725079 0.117465 0.210796
1 0.420213 0.832939 0.107491 0.125099
1 0.795601 0.908885 0.1291 0.179452
1 0.5917 0.274921 0.094747 0.155634
1 0.581449 0.360619 0.090869 0.108353