1 0.736591 0.372931 0.099734 0.18026
1 0.716922 0.04339 0.082558 0.086781
1 0.706671 0.102049 0.077571 0.091608
1 0.478668 0.123227 0.071476 0.131994
1 0.338209 0.147853 0.078679 0.124113
1 0.285295 0.203507 0.083666 0.134949
0 0.118794 0.32959 0.099734 0.156619
0 0.255929 0.633471 0.119127 0.202916
0 0.449856 0.519701 0.103613 0.18223
0 0.703624 0.644307 0.112478 0.198976
0 0.305796 0.379334 0.090315 0.159574
1 0.314107 0.037037 0.077017 0.065997
0 0.414672 0.729511 0.121897 0.219661
1 0.421321 0.845745 0.107491 0.125099
1 0.802804 0.910274 0.127992 0.179452
1 0.596687 0.281816 0.094747 0.155634
1 0.584774 0.372439 0.090869 0.108353