0 0.547374 0.450749 0.110262 0.247242
1 0.746565 0.654157 0.176197 0.218676
1 0.421875 0.708333 0.18617 0.236407
1 0.466755 0.58422 0.16844 0.179275
1 0.873449 0.508865 0.152926 0.18026
0 0.97828 0.291667 0.04344 0.173365
0 0.320479 0.114854 0.120789 0.115248
0 0.485871 0.236998 0.043772 0.138889
0 0.668163 0.333038 0.080341 0.191095
0 0.225731 0.246848 0.080895 0.138889
0 0.804466 0.391647 0.137965 0.217691
0 0.312722 0.329598 0.127438 0.115233
0 0.319648 0.21779 0.110262 0.118203
0 0.30912 0.032555 0.130208 0.06511
0 0.318539 0.431048 0.115802 0.123128