0 0.643082 0.861635 0.138365 0.105346
1 0.34945 0.329403 0.099843 0.121069
2 0.872642 0.61478 0.128931 0.133648
3 0.583333 0.627358 0.100629 0.138365
3 0.683962 0.5 0.097484 0.119497
2 0.41706 0.575079 0.090409 0.129717
2 0.255503 0.070755 0.110063 0.106918
0 0.489387 0.127358 0.106132 0.108491
1 0.565252 0.253931 0.116352 0.111635
3 0.742138 0.349057 0.097484 0.106918
3 0.514937 0.372642 0.110063 0.122642
3 0.210299 0.417846 0.112421 0.128145
1 0.094733 0.137972 0.125 0.129717
1 0.321541 0.201258 0.113208 0.119497
3 0.429245 0.813679 0.103774 0.157233
3 0.465802 0.039308 0.071541 0.070755
2 0.735063 0.731918 0.141509 0.132075