0 0.547956 0.889544 0.138365 0.102987
1 0.306604 0.329403 0.097484 0.121069
2 0.797956 0.66195 0.122642 0.122642
3 0.51022 0.652909 0.100629 0.131289
3 0.620283 0.533805 0.097484 0.119497
2 0.347091 0.586085 0.095126 0.129717
2 0.244104 0.05739 0.106132 0.11478
0 0.46816 0.136006 0.106132 0.108491
1 0.531447 0.271619 0.11478 0.110849
3 0.696148 0.382862 0.095126 0.106918
3 0.46816 0.393868 0.106132 0.122642
3 0.15684 0.413129 0.112421 0.128145
1 0.07272 0.118318 0.125 0.129717
1 0.29717 0.201258 0.105346 0.119497
3 0.336478 0.826258 0.103774 0.157233
3 0.455582 0.04206 0.071541 0.084119
2 0.653302 0.771226 0.133648 0.132075