2 0.647013 0.863994 0.138365 0.105346
3 0.345519 0.336478 0.099843 0.121069
1 0.867138 0.61478 0.128931 0.133648
0 0.580189 0.632862 0.100629 0.138365
0 0.678459 0.507862 0.097484 0.119497
1 0.413129 0.583726 0.090409 0.129717
1 0.250786 0.078616 0.110063 0.106918
2 0.479953 0.136006 0.106132 0.108491
3 0.560535 0.26022 0.106918 0.106918
0 0.732704 0.353774 0.099057 0.106918
0 0.511006 0.384434 0.110063 0.122642
0 0.209513 0.424921 0.112421 0.128145
3 0.093947 0.149764 0.125 0.129717
3 0.31761 0.213836 0.113208 0.119497
0 0.430425 0.821541 0.112421 0.157233
0 0.458726 0.040094 0.063679 0.080189
1 0.735063 0.731918 0.141509 0.132075