2 0.56761 0.894261 0.138365 0.102987
3 0.310928 0.335692 0.099843 0.121069
1 0.812107 0.654874 0.128931 0.133648
0 0.524371 0.654874 0.100629 0.138365
0 0.628145 0.533805 0.097484 0.119497
1 0.354167 0.58923 0.095126 0.129717
1 0.24489 0.060535 0.106132 0.11478
2 0.468947 0.139151 0.106132 0.108491
3 0.540881 0.272799 0.116352 0.111635
0 0.704403 0.383648 0.097484 0.106918
0 0.470519 0.394654 0.106132 0.122642
0 0.163129 0.416274 0.112421 0.128145
3 0.079009 0.127752 0.125 0.129717
3 0.300314 0.206761 0.113208 0.119497
0 0.352201 0.831761 0.103774 0.157233
0 0.455582 0.042453 0.071541 0.084906
1 0.664308 0.768082 0.141509 0.132075