0 0.666162 0.911077 0.138365 0.108491
1 0.364297 0.32791 0.11315 0.137759
2 0.87919 0.654023 0.13535 0.133648
3 0.605887 0.656814 0.111621 0.138365
3 0.699624 0.536438 0.104906 0.127431
2 0.438073 0.594675 0.106269 0.139396
2 0.266185 0.04396 0.110063 0.08792
0 0.508893 0.119684 0.105346 0.108491
1 0.583009 0.265774 0.109976 0.115241
3 0.75484 0.372944 0.105764 0.110063
3 0.533823 0.390478 0.118134 0.122642
3 0.22388 0.415448 0.12487 0.140053
1 0.099388 0.095259 0.135321 0.145873
1 0.338555 0.185087 0.113208 0.119497
3 0.452978 0.856255 0.122331 0.165166
3 0.483555 0.033805 0.081054 0.06761
2 0.751681 0.773542 0.141509 0.132075