2 0.552673 0.891116 0.138365 0.102987
3 0.307783 0.329403 0.099843 0.121069
1 0.801101 0.66195 0.128931 0.122642
0 0.512579 0.652909 0.100629 0.131289
0 0.620283 0.533805 0.097484 0.119497
1 0.347091 0.586085 0.095126 0.129717
1 0.244104 0.05739 0.106132 0.11478
2 0.472091 0.137579 0.106132 0.108491
3 0.531447 0.271619 0.11478 0.110849
0 0.696148 0.382862 0.095126 0.106918
0 0.470519 0.394654 0.106132 0.122642
0 0.15684 0.413129 0.112421 0.128145
3 0.075079 0.123821 0.125 0.129717
3 0.298742 0.202044 0.113208 0.119497
0 0.340409 0.828616 0.103774 0.157233
0 0.455582 0.04206 0.071541 0.084119
1 0.653302 0.771226 0.133648 0.132075