2 0.590409 0.888365 0.138365 0.105346
3 0.325079 0.332547 0.099843 0.121069
1 0.830189 0.649371 0.128931 0.133648
0 0.540094 0.644654 0.100629 0.138365
0 0.647799 0.529088 0.097484 0.119497
1 0.368318 0.590016 0.095126 0.129717
1 0.250786 0.060535 0.110063 0.11478
2 0.475236 0.141509 0.106132 0.108491
3 0.544025 0.272799 0.116352 0.111635
0 0.715409 0.375786 0.097484 0.106918
0 0.485849 0.393082 0.108491 0.122642
0 0.17728 0.413129 0.112421 0.128145
3 0.086085 0.13011 0.125 0.129717
3 0.309748 0.200472 0.113208 0.119497
0 0.367138 0.826258 0.103774 0.157233
0 0.459513 0.045597 0.071541 0.084906
1 0.684748 0.761792 0.141509 0.132075