2 0.647013 0.867138 0.138365 0.105346
3 0.340802 0.341195 0.099843 0.121069
1 0.862421 0.620283 0.128931 0.133648
0 0.582547 0.636006 0.100629 0.138365
0 0.674528 0.512579 0.097484 0.119497
1 0.413129 0.583726 0.090409 0.129717
1 0.246069 0.08805 0.110063 0.106918
2 0.476808 0.140723 0.106132 0.108491
3 0.556604 0.27044 0.106918 0.106918
0 0.730346 0.355346 0.099057 0.106918
0 0.506289 0.389151 0.110063 0.122642
0 0.205582 0.433569 0.112421 0.128145
3 0.090016 0.15684 0.125 0.129717
3 0.313679 0.215409 0.113208 0.119497
0 0.429638 0.822327 0.112421 0.157233
0 0.451651 0.044811 0.063679 0.089623
1 0.733491 0.735849 0.141509 0.132075