0 0.613208 0.876572 0.138365 0.105346
1 0.342374 0.325472 0.099843 0.121069
2 0.853774 0.637579 0.128931 0.133648
3 0.563679 0.63522 0.100629 0.138365
3 0.66195 0.519654 0.097484 0.119497
2 0.395833 0.575865 0.095126 0.129717
2 0.261006 0.053459 0.110063 0.106918
0 0.490959 0.128931 0.106132 0.108491
1 0.563679 0.258648 0.116352 0.111635
3 0.732704 0.363994 0.097484 0.106918
3 0.503931 0.378931 0.108491 0.122642
3 0.195362 0.409198 0.112421 0.128145
1 0.098664 0.120676 0.125 0.129717
1 0.322327 0.194182 0.113208 0.119497
3 0.39544 0.81761 0.103774 0.157233
3 0.475236 0.042453 0.071541 0.084906
2 0.712264 0.750786 0.141509 0.132075