2 0.647013 0.867138 0.138365 0.105346
3 0.341588 0.349057 0.099843 0.121069
1 0.862421 0.622642 0.128931 0.133648
0 0.582547 0.636006 0.100629 0.138365
0 0.674528 0.512579 0.097484 0.119497
1 0.414701 0.590802 0.090409 0.129717
1 0.246069 0.08805 0.110063 0.106918
2 0.47327 0.144654 0.105346 0.108491
3 0.556604 0.27044 0.106918 0.106918
0 0.727201 0.363994 0.099057 0.110063
0 0.507075 0.394654 0.110063 0.122642
0 0.207154 0.4375 0.112421 0.128145
3 0.08923 0.16077 0.125 0.129717
3 0.315252 0.220912 0.113208 0.119497
0 0.435142 0.828616 0.112421 0.157233
0 0.451651 0.044811 0.063679 0.089623
1 0.733491 0.738208 0.141509 0.132075