0 0.661164 0.889937 0.138365 0.108491
1 0.347877 0.355346 0.099843 0.121069
2 0.867925 0.639151 0.128931 0.133648
3 0.594188 0.659656 0.100629 0.138365
3 0.683176 0.533805 0.097484 0.119497
2 0.424921 0.603381 0.090409 0.129717
2 0.244497 0.093553 0.110063 0.106918
0 0.475629 0.154874 0.105346 0.108491
1 0.55739 0.284591 0.106918 0.106918
3 0.72956 0.372642 0.099057 0.110063
3 0.508648 0.406447 0.110063 0.122642
3 0.213443 0.450865 0.112421 0.128145
1 0.088443 0.168632 0.125 0.129717
1 0.320755 0.233491 0.113208 0.119497
3 0.446934 0.849843 0.112421 0.157233
3 0.448506 0.055818 0.066824 0.099057
2 0.746855 0.757075 0.141509 0.132075
0 0.231525 0.017689 0.09827 0.035377