0 0.637579 0.862421 0.138365 0.105346
1 0.354953 0.316038 0.099843 0.121069
2 0.873428 0.619497 0.128931 0.133648
3 0.580975 0.621855 0.100629 0.138365
3 0.676887 0.507075 0.097484 0.119497
2 0.411557 0.567217 0.090409 0.129717
2 0.268082 0.053459 0.110063 0.106918
0 0.499607 0.124214 0.106132 0.108491
1 0.571541 0.253931 0.116352 0.111635
3 0.746855 0.351415 0.097484 0.106918
3 0.514937 0.372642 0.110063 0.122642
3 0.205582 0.402123 0.112421 0.128145
1 0.104167 0.121462 0.125 0.129717
1 0.329403 0.189465 0.113208 0.119497
3 0.420597 0.806604 0.103774 0.157233
3 0.483097 0.034984 0.071541 0.069969
2 0.730346 0.737421 0.141509 0.132075