0 0.676101 0.908019 0.138365 0.108491
1 0.358884 0.360849 0.099843 0.121069
2 0.880568 0.649436 0.128931 0.133648
3 0.609277 0.669811 0.100629 0.138365
3 0.693396 0.540881 0.097484 0.119497
2 0.438679 0.611242 0.091195 0.129717
2 0.25854 0.068916 0.110063 0.106918
0 0.495132 0.146443 0.105346 0.108491
1 0.571541 0.283019 0.106918 0.106918
3 0.748428 0.383648 0.099057 0.110063
3 0.52673 0.409591 0.110063 0.122642
3 0.219949 0.43931 0.112421 0.128145
1 0.097091 0.138404 0.125 0.129717
1 0.332439 0.215668 0.113208 0.119497
3 0.458726 0.855346 0.112421 0.157233
3 0.469794 0.049528 0.074938 0.099057
2 0.755503 0.772013 0.141509 0.132075