0 0.666667 0.893868 0.138365 0.108491
1 0.353381 0.363208 0.099843 0.121069
2 0.869497 0.642296 0.128931 0.133648
3 0.599057 0.660377 0.100629 0.138365
3 0.688679 0.533805 0.097484 0.119497
2 0.428066 0.608097 0.090409 0.129717
2 0.244497 0.093553 0.110063 0.106918
0 0.47956 0.154088 0.105346 0.108491
1 0.56761 0.284591 0.106918 0.106918
3 0.737421 0.376572 0.099057 0.110063
3 0.521226 0.410377 0.110063 0.122642
3 0.21816 0.455582 0.112421 0.128145
1 0.093947 0.16706 0.125 0.129717
1 0.323113 0.233491 0.113208 0.119497
3 0.451651 0.853774 0.112421 0.157233
3 0.448506 0.055818 0.066824 0.099057
2 0.747642 0.763365 0.141509 0.132075
0 0.231525 0.017689 0.09827 0.035377