0 0.667691 0.911077 0.138365 0.108491
1 0.364235 0.343265 0.099843 0.121069
2 0.878044 0.657846 0.129998 0.133648
3 0.603305 0.668282 0.112573 0.138365
3 0.698665 0.540881 0.108022 0.119497
2 0.431932 0.606655 0.101631 0.129717
2 0.260069 0.053459 0.110063 0.106918
0 0.500483 0.132681 0.105346 0.108491
1 0.578422 0.273419 0.113034 0.113712
3 0.750721 0.377532 0.099057 0.110063
3 0.53361 0.398888 0.110063 0.122642
3 0.217656 0.429372 0.112421 0.128145
1 0.090975 0.117762 0.125 0.129717
1 0.333968 0.199613 0.113208 0.119497
3 0.45032 0.856875 0.123118 0.157233
3 0.474147 0.040138 0.066824 0.080275
2 0.755503 0.772013 0.141509 0.132075