0 0.747075 0.898845 0.150345 0.108491
1 0.455275 0.250692 0.117737 0.137759
2 0.944401 0.64865 0.110434 0.13522
3 0.688073 0.626998 0.123089 0.138365
3 0.789456 0.505179 0.117903 0.121141
2 0.522171 0.549568 0.116972 0.139396
0 0.603222 0.050726 0.115465 0.101451
1 0.672018 0.210346 0.118502 0.117535
3 0.84289 0.346186 0.116208 0.110063
3 0.627095 0.338508 0.12425 0.125736
3 0.299568 0.324087 0.129457 0.140817
1 0.431304 0.093272 0.127452 0.129969
3 0.52867 0.826056 0.134557 0.173576
2 0.826164 0.761309 0.150035 0.132075