2 0.606132 0.880503 0.138365 0.105346
3 0.336871 0.327044 0.099843 0.121069
1 0.845126 0.640723 0.128931 0.133648
0 0.556604 0.639937 0.100629 0.138365
0 0.66195 0.519654 0.097484 0.119497
1 0.388758 0.579796 0.095126 0.129717
1 0.257075 0.058176 0.110063 0.11478
2 0.48467 0.132075 0.106132 0.108491
3 0.55739 0.264937 0.116352 0.111635
0 0.727201 0.366352 0.097484 0.106918
0 0.492138 0.386792 0.108491 0.122642
0 0.189072 0.41077 0.112421 0.128145
3 0.091588 0.123821 0.125 0.129717
3 0.319969 0.194969 0.113208 0.119497
0 0.387579 0.819969 0.103774 0.157233
0 0.471305 0.042453 0.071541 0.084906
1 0.70283 0.753931 0.141509 0.132075