0 0.676101 0.908019 0.138365 0.108491
1 0.358884 0.360849 0.099843 0.121069
2 0.880568 0.649436 0.128931 0.133648
3 0.609277 0.669811 0.100629 0.138365
3 0.693396 0.540881 0.097484 0.119497
2 0.438679 0.611242 0.091195 0.129717
2 0.254717 0.087264 0.110063 0.106918
0 0.48978 0.154088 0.105346 0.108491
1 0.571541 0.283019 0.106918 0.106918
3 0.748428 0.383648 0.099057 0.110063
3 0.52673 0.409591 0.110063 0.122642
3 0.227594 0.44772 0.112421 0.128145
1 0.097091 0.153695 0.125 0.129717
1 0.328616 0.224843 0.113208 0.119497
3 0.458726 0.855346 0.112421 0.157233
3 0.463443 0.049528 0.066824 0.099057
2 0.755503 0.772013 0.141509 0.132075
0 0.248821 0.017689 0.09827 0.035377