0 0.740195 0.90649 0.150345 0.108491
1 0.444572 0.26216 0.117737 0.137759
2 0.941882 0.653237 0.11457 0.13522
3 0.680428 0.637701 0.123089 0.138365
3 0.76652 0.519705 0.117903 0.121141
2 0.512997 0.558742 0.116972 0.139396
0 0.591754 0.055583 0.115465 0.111166
1 0.664373 0.217991 0.118502 0.117535
3 0.832951 0.350773 0.116208 0.110063
3 0.61945 0.346154 0.12425 0.125736
3 0.292687 0.338613 0.129457 0.140817
1 0.178135 0.029817 0.132263 0.059633
1 0.416778 0.107034 0.127452 0.129969
3 0.519495 0.832937 0.134557 0.173576
2 0.820812 0.765896 0.150035 0.132075