0 0.622642 0.873428 0.138365 0.105346
1 0.345519 0.320755 0.099843 0.121069
2 0.858491 0.630503 0.128931 0.133648
3 0.569969 0.629717 0.100629 0.138365
3 0.671384 0.509434 0.097484 0.119497
2 0.40055 0.571148 0.090409 0.129717
2 0.261006 0.053459 0.110063 0.106918
0 0.496462 0.127358 0.106132 0.108491
1 0.565252 0.256289 0.116352 0.111635
3 0.73978 0.356918 0.097484 0.106918
3 0.511006 0.378145 0.110063 0.122642
3 0.200865 0.405267 0.112421 0.128145
1 0.101022 0.11989 0.125 0.129717
1 0.326258 0.191038 0.113208 0.119497
3 0.403302 0.813679 0.103774 0.157233
3 0.475236 0.042453 0.071541 0.084906
2 0.720912 0.745283 0.141509 0.132075