0 0.542453 0.885613 0.138365 0.102987
1 0.301101 0.321541 0.097484 0.121069
2 0.793632 0.654874 0.123428 0.122642
3 0.503931 0.641903 0.100629 0.131289
3 0.616352 0.527516 0.097484 0.121069
2 0.338443 0.575079 0.095126 0.129717
2 0.236242 0.049921 0.106132 0.099843
0 0.46423 0.128145 0.106132 0.108491
1 0.529874 0.264544 0.11478 0.110849
3 0.693789 0.376572 0.095126 0.106918
3 0.463443 0.387579 0.106132 0.122642
3 0.156053 0.408412 0.112421 0.128145
1 0.068003 0.112814 0.125 0.129717
1 0.291667 0.193396 0.105346 0.119497
3 0.326258 0.819969 0.103774 0.157233
3 0.452437 0.03695 0.071541 0.073899
2 0.648585 0.763365 0.133648 0.132075