0 0.676865 0.910312 0.138365 0.108491
1 0.378823 0.312619 0.11315 0.137759
2 0.885689 0.657846 0.131527 0.133648
3 0.613532 0.65605 0.111621 0.138365
3 0.71071 0.532615 0.113316 0.127431
2 0.444954 0.58703 0.106269 0.139396
2 0.273964 0.037105 0.119504 0.07421
0 0.517977 0.108408 0.110113 0.114989
1 0.583009 0.265774 0.109976 0.115241
3 0.765673 0.369122 0.116208 0.110063
3 0.546055 0.382833 0.118134 0.122642
3 0.232672 0.399393 0.114931 0.140053
1 0.108563 0.073852 0.135321 0.145873
1 0.347971 0.166739 0.124394 0.119497
3 0.456801 0.856255 0.129977 0.165166
2 0.757032 0.772777 0.141509 0.132075