0 0.691391 0.911841 0.138365 0.108491
1 0.388761 0.304209 0.120795 0.137759
2 0.904038 0.657846 0.131527 0.133648
3 0.628823 0.652227 0.119266 0.138365
3 0.723707 0.530321 0.117903 0.127431
2 0.456804 0.589323 0.111621 0.139396
2 0.290783 0.029817 0.119504 0.059633
0 0.529445 0.096175 0.110113 0.121105
1 0.606709 0.248954 0.109976 0.115241
3 0.77867 0.364535 0.116208 0.110063
3 0.557523 0.375188 0.119663 0.122642
3 0.239553 0.384484 0.125635 0.140817
1 0.116972 0.063503 0.135321 0.127005
1 0.359439 0.159382 0.124394 0.124661
3 0.469798 0.850903 0.129977 0.165166
2 0.7685 0.775071 0.141509 0.132075