0 0.544811 0.887186 0.138365 0.102987
1 0.306604 0.329403 0.097484 0.121069
2 0.795991 0.658019 0.123428 0.122642
3 0.508648 0.645833 0.100629 0.131289
3 0.617925 0.532233 0.097484 0.121069
2 0.345519 0.584513 0.095126 0.129717
2 0.238601 0.056211 0.106132 0.099843
0 0.46423 0.131289 0.106132 0.108491
1 0.531447 0.271619 0.11478 0.110849
3 0.693789 0.380503 0.095126 0.106918
3 0.465802 0.392296 0.106132 0.122642
3 0.156053 0.408412 0.112421 0.128145
1 0.068003 0.112814 0.125 0.129717
1 0.294025 0.200472 0.105346 0.119497
3 0.332547 0.824686 0.103774 0.157233
3 0.452437 0.03695 0.071541 0.073899
2 0.648585 0.763365 0.133648 0.132075