0 0.650943 0.878931 0.138365 0.108491
1 0.347877 0.355346 0.099843 0.121069
2 0.862421 0.630503 0.128931 0.133648
3 0.585692 0.649371 0.100629 0.138365
3 0.676101 0.525943 0.097484 0.119497
2 0.418632 0.603381 0.090409 0.129717
2 0.244497 0.093553 0.110063 0.106918
0 0.471698 0.15566 0.105346 0.108491
1 0.554245 0.281447 0.106918 0.106918
3 0.724843 0.368711 0.099057 0.110063
3 0.507862 0.399371 0.110063 0.122642
3 0.213443 0.446148 0.112421 0.128145
1 0.090016 0.166274 0.125 0.129717
1 0.316038 0.22956 0.113208 0.119497
3 0.4375 0.841981 0.112421 0.157233
3 0.448506 0.055818 0.066824 0.099057
2 0.735849 0.742138 0.141509 0.132075
0 0.231525 0.017689 0.09827 0.035377