0 0.696999 0.911841 0.14958 0.108491
1 0.400994 0.288919 0.120795 0.137759
2 0.913212 0.655552 0.131527 0.133648
3 0.641055 0.648405 0.119266 0.138365
3 0.738233 0.52497 0.117903 0.127431
2 0.469801 0.580149 0.111621 0.139396
0 0.547029 0.087765 0.110113 0.121105
1 0.623529 0.242073 0.109976 0.115241
3 0.793196 0.364535 0.116208 0.110063
3 0.573578 0.369071 0.119663 0.122642
3 0.249492 0.373017 0.125635 0.140817
1 0.124618 0.055093 0.135321 0.110186
1 0.3732 0.146385 0.124394 0.124661
3 0.484324 0.848227 0.129977 0.173576
2 0.779528 0.773542 0.150035 0.132075