0 0.629717 0.868711 0.138365 0.105346
1 0.345519 0.320755 0.099843 0.121069
2 0.86478 0.625 0.128931 0.133648
3 0.577044 0.625786 0.100629 0.138365
3 0.676887 0.507075 0.097484 0.119497
2 0.408412 0.568789 0.090409 0.129717
2 0.268082 0.053459 0.110063 0.106918
0 0.499607 0.124214 0.106132 0.108491
1 0.570755 0.254717 0.116352 0.111635
3 0.73978 0.356918 0.097484 0.106918
3 0.514937 0.372642 0.110063 0.122642
3 0.205582 0.402123 0.112421 0.128145
1 0.101808 0.119104 0.125 0.129717
1 0.329403 0.189465 0.113208 0.119497
3 0.41195 0.812107 0.103774 0.157233
3 0.483097 0.034984 0.071541 0.069969
2 0.727987 0.73978 0.141509 0.132075