2 0.650943 0.878931 0.138365 0.108491
3 0.343947 0.349843 0.099843 0.121069
1 0.862421 0.622642 0.128931 0.133648
0 0.585692 0.64544 0.100629 0.138365
0 0.677673 0.521226 0.097484 0.119497
1 0.41706 0.594733 0.090409 0.129717
1 0.246069 0.092767 0.110063 0.106918
2 0.47327 0.153302 0.105346 0.108491
3 0.556604 0.275157 0.106918 0.106918
0 0.724843 0.368711 0.099057 0.110063
0 0.507862 0.399371 0.110063 0.122642
0 0.208726 0.443789 0.112421 0.128145
3 0.090802 0.165487 0.125 0.129717
3 0.314465 0.224057 0.113208 0.119497
0 0.435142 0.834906 0.112421 0.157233
0 0.449292 0.051101 0.066824 0.099057
1 0.735849 0.742138 0.141509 0.132075
2 0.231525 0.017689 0.09827 0.035377