2 0.561321 0.895833 0.138365 0.102987
3 0.310928 0.335692 0.099843 0.121069
1 0.805031 0.661164 0.128931 0.133648
0 0.517296 0.65566 0.100629 0.138365
0 0.625786 0.533805 0.097484 0.119497
1 0.354167 0.58923 0.095126 0.129717
1 0.244104 0.05739 0.106132 0.11478
2 0.468947 0.139151 0.106132 0.108491
3 0.533805 0.272799 0.116352 0.111635
0 0.701258 0.384434 0.097484 0.106918
0 0.470519 0.394654 0.106132 0.122642
0 0.161557 0.415487 0.112421 0.128145
3 0.075079 0.123821 0.125 0.129717
3 0.298742 0.202044 0.113208 0.119497
0 0.342767 0.830189 0.103774 0.157233
0 0.455582 0.042453 0.071541 0.084906
1 0.659591 0.771226 0.141509 0.132075