0 0.755485 0.896551 0.150345 0.108491
1 0.465979 0.239297 0.117737 0.134557
2 0.946312 0.644063 0.107376 0.13522
3 0.698012 0.622173 0.129205 0.144957
3 0.795872 0.502294 0.130734 0.126911
2 0.532492 0.541158 0.125382 0.139396
0 0.612768 0.050726 0.122324 0.101451
1 0.685015 0.2027 0.118502 0.117535
3 0.852064 0.34007 0.116208 0.110063
3 0.640092 0.330099 0.12425 0.125736
3 0.314858 0.316442 0.129457 0.140817
1 0.442008 0.085627 0.127452 0.129969
3 0.537844 0.815353 0.134557 0.173576
2 0.836103 0.756722 0.150035 0.132075