2 0.643082 0.861635 0.138365 0.105346
3 0.350236 0.31761 0.099843 0.121069
1 0.875 0.613208 0.128931 0.133648
0 0.580975 0.621855 0.100629 0.138365
0 0.683962 0.5 0.097484 0.119497
1 0.411557 0.567217 0.090409 0.129717
1 0.259434 0.066038 0.110063 0.106918
2 0.489387 0.127358 0.106132 0.108491
3 0.565252 0.253931 0.116352 0.111635
0 0.745283 0.347484 0.097484 0.106918
0 0.514937 0.372642 0.110063 0.122642
0 0.208726 0.411557 0.112421 0.128145
3 0.100236 0.135613 0.125 0.129717
3 0.326258 0.197327 0.113208 0.119497
0 0.421384 0.805818 0.103774 0.157233
0 0.475236 0.034984 0.071541 0.069969
1 0.735063 0.731918 0.141509 0.132075