0 0.667453 0.900157 0.138365 0.108491
1 0.358884 0.360849 0.099843 0.121069
2 0.873428 0.644654 0.128931 0.133648
3 0.599843 0.660377 0.100629 0.138365
3 0.693396 0.540881 0.097484 0.119497
2 0.428066 0.608097 0.090409 0.129717
2 0.244497 0.093553 0.110063 0.106918
0 0.47956 0.154088 0.105346 0.108491
1 0.56761 0.284591 0.106918 0.106918
3 0.737421 0.376572 0.099057 0.110063
3 0.521226 0.410377 0.110063 0.122642
3 0.21816 0.455582 0.112421 0.128145
1 0.091588 0.163915 0.125 0.129717
1 0.325472 0.231918 0.113208 0.119497
3 0.456368 0.856132 0.112421 0.157233
3 0.448506 0.055818 0.066824 0.099057
2 0.749214 0.762579 0.141509 0.132075
0 0.231525 0.017689 0.09827 0.035377