2 0.654088 0.88522 0.138365 0.108491
3 0.347877 0.355346 0.099843 0.121069
1 0.862421 0.632075 0.128931 0.133648
0 0.58805 0.65173 0.100629 0.138365
0 0.679245 0.528302 0.097484 0.119497
1 0.418632 0.603381 0.090409 0.129717
1 0.244497 0.093553 0.110063 0.106918
2 0.474843 0.154874 0.105346 0.108491
3 0.554245 0.281447 0.106918 0.106918
0 0.72956 0.372642 0.099057 0.110063
0 0.508648 0.406447 0.110063 0.122642
0 0.213443 0.450865 0.112421 0.128145
3 0.088443 0.168632 0.125 0.129717
3 0.316038 0.22956 0.113208 0.119497
0 0.441431 0.842767 0.112421 0.157233
0 0.448506 0.055818 0.066824 0.099057
1 0.741352 0.752358 0.141509 0.132075
2 0.231525 0.017689 0.09827 0.035377