0 0.730256 0.910312 0.150345 0.108491
1 0.433104 0.271335 0.117737 0.137759
2 0.938407 0.656295 0.12152 0.13522
3 0.672018 0.639995 0.123089 0.138365
3 0.76652 0.519705 0.117903 0.121141
2 0.498471 0.565623 0.116972 0.139396
0 0.578757 0.06483 0.115465 0.121105
1 0.652141 0.224872 0.118502 0.117535
3 0.822248 0.356125 0.116208 0.110063
3 0.605689 0.355328 0.12425 0.125736
3 0.277397 0.350081 0.129457 0.140817
1 0.160933 0.038991 0.129969 0.077982
1 0.405311 0.120413 0.124394 0.129205
3 0.51185 0.835995 0.134557 0.173576
2 0.809345 0.770484 0.150035 0.132075