2 0.577044 0.893082 0.138365 0.105346
3 0.318789 0.333333 0.099843 0.121069
1 0.822327 0.656447 0.128931 0.133648
0 0.533019 0.647799 0.100629 0.138365
0 0.641509 0.529874 0.097484 0.119497
1 0.368318 0.590016 0.095126 0.129717
1 0.24489 0.060535 0.106132 0.11478
2 0.475236 0.141509 0.106132 0.108491
3 0.544025 0.272799 0.116352 0.111635
0 0.710692 0.378931 0.097484 0.106918
0 0.481918 0.394654 0.108491 0.122642
0 0.174921 0.417846 0.112421 0.128145
3 0.079009 0.127752 0.125 0.129717
3 0.308176 0.205975 0.113208 0.119497
0 0.358491 0.828616 0.103774 0.157233
0 0.459513 0.045597 0.071541 0.084906
1 0.676101 0.764937 0.141509 0.132075